% -------------------------------------------------------------------
%  Generated by MATLAB on 10-Oct-2022 10:13:55
%  MATLAB version: 9.12.0.2009381 (R2022a) Update 4
% -------------------------------------------------------------------
                                         

function bestChromosome = BestChromosome()
bestChromosome = [3 2 1 10 1 3 10 3 4 1 9 2 4 1 8 2 4 3 1 10 1 3 10 7 1 ...
                  3 1 2 2 1 5 4 2 1 3 9 1 3 1 2 1 2 6 2 4 3 5 3 3 1 8 3 ...
                  4 3 5 3 2 1 2 1 4 2 6 2 1 3 1 2 4 3 5 3 3 4 8 3 3 1 7 ...
                  3 2 2 5 2];

end